consensus,line,0,10,10,100,162,91,147.42
consensus,line,0,50,137,6850,13328,91,177.058
consensus,line,0,100,515,51500,101772,91,179.83
consensus,line,0,200,1784,356800,709634,91,180.988
consensus,line,0,300,3055,916500,1826292,91,181.334
consensus,line,0,400,4805,1922000,3833592,91,181.507
consensus,line,0,500,7618,3809000,7601766,91,181.612
consensus,line,0,600,9773,5863800,11706856,91,181.678
consensus,line,0,700,13144,9200800,18373914,91,181.726
consensus,line,0,800,18069,14455200,28872664,91,181.762
consensus,line,0,900,23994,21594600,43139414,91,181.79
consensus,line,0,1000,30919,30919000,61774164,91,181.812
consensus,line,0,1250,40593,50741250,101398816,91,181.85
consensus,line,0,1500,62480,93720000,187312042,91,181.876
consensus,line,0.25,10,11,110,140,91,115.818
consensus,line,0.25,50,161,8050,11846,91,133.911
consensus,line,0.25,100,629,62900,93129,91,134.734
consensus,line,0.25,300,5120,1536000,2296484,91,136.055
consensus,line,0.25,500,14120,7060000,10567131,91,136.205
consensus,line,0.25,600,20666,12399600,18562019,91,136.226
consensus,line,0.25,800,36086,28868800,43248195,91,136.327
consensus,line,0.5,10,15,150,114,91,69.16
consensus,line,0.5,30,101,3030,2879,91,86.465
consensus,line,0.5,50,277,13850,13565,91,89.1274
consensus,line,0.5,100,1181,118100,116879,91,90.0592
consensus,line,0.5,200,4473,894600,890305,91,90.5631
consensus,line,0.5,300,10152,3045600,3034324,91,90.6631
consensus,line,0.5,400,18327,7330800,7310183,91,90.7441
consensus,line,0.5,500,28171,14085500,14053840,91,90.7955
consensus,line,0.75,10,28,280,129,91,41.925
consensus,line,0.75,30,226,6780,3337,91,44.7886
consensus,line,0.75,50,605,30250,14766,91,44.42
consensus,line,0.75,100,2720,272000,134287,91,44.9269
consensus,line,0.75,150,5948,892200,442692,91,45.1524
consensus,line,0.75,200,10970,2194000,1091515,91,45.2725
consensus,line,0.75,300,23927,7178100,3574602,91,45.3168
consensus,line,0.75,400,43412,17364800,8661423,91,45.3901
consensus,cluster,0,10,3,30,108,91,327.6
consensus,cluster,0,50,11,550,3540,91,585.709
consensus,cluster,0,100,24,2400,15594,91,591.272
consensus,cluster,0,300,66,19800,167960,91,771.937
consensus,cluster,0,500,108,54000,454108,91,765.256
consensus,cluster,0,800,229,183200,1587350,91,788.476
consensus,cluster,0,1000,247,247000,2158390,91,795.196
consensus,cluster,0,2000,605,1210000,10776568,91,810.469
consensus,cluster,0,3000,911,2733000,24347956,91,810.708
consensus,cluster,0,5000,1516,7580000,68271942,91,819.624
consensus,cluster,0.25,10,4,40,111,91,252.525
consensus,cluster,0.25,50,15,750,3830,91,464.707
consensus,cluster,0.25,100,28,2800,15870,91,515.775
consensus,cluster,0.25,300,99,29700,181021,91,554.643
consensus,cluster,0.25,500,183,91500,583504,91,580.315
consensus,cluster,0.25,700,251,175700,1154519,91,597.958
consensus,cluster,0.25,1000,332,332000,2212443,91,606.423
consensus,cluster,0.25,2000,878,1756000,11865853,91,614.916
consensus,cluster,0.5,10,4,40,105,91,238.875
consensus,cluster,0.5,50,18,900,3267,91,330.33
consensus,cluster,0.5,100,44,4400,16647,91,344.29
consensus,cluster,0.5,300,161,48300,203215,91,382.869
consensus,cluster,0.5,500,317,158500,677778,91,389.134
consensus,cluster,0.5,700,520,364000,1562012,91,390.503
consensus,cluster,0.5,1000,773,773000,3439436,91,404.901
consensus,cluster,0.5,1500,1260,1890000,8224501,91,395.994
consensus,cluster,0.75,10,6,60,74,91,112.233
consensus,cluster,0.75,50,34,1700,3251,91,174.024
consensus,cluster,0.75,100,94,9400,18973,91,183.675
consensus,cluster,0.75,200,222,44400,92990,91,190.588
consensus,cluster,0.75,300,408,122400,243077,91,180.719
consensus,cluster,0.75,500,774,387000,839259,91,197.345
consensus,cluster,0.75,700,1180,826000,1815652,91,200.029
consensus,cluster,0.75,800,1399,1119200,2439142,91,198.322
consensus,cluster,0.75,1000,1874,1874000,4175473,91,202.758
consensus,scalefree,0,10,5,50,104,91,189.28
consensus,scalefree,0,50,20,1000,3664,91,333.424
consensus,scalefree,0,100,35,3500,14786,91,384.436
consensus,scalefree,0,300,106,31800,167144,91,478.305
consensus,scalefree,0,500,176,88000,469834,91,485.851
consensus,scalefree,0,800,245,196000,1150650,91,534.23
consensus,scalefree,0,1000,307,307000,1815242,91,538.068
consensus,scalefree,0,2000,790,1580000,9725458,91,560.137
consensus,scalefree,0,3000,1199,3597000,21732766,91,549.814
consensus,scalefree,0,5000,2493,12465000,75156424,91,548.675
consensus,scalefree,0.25,10,6,60,89,91,134.983
consensus,scalefree,0.25,50,28,1400,4175,91,271.375
consensus,scalefree,0.25,100,56,5600,19151,91,311.204
consensus,scalefree,0.25,300,178,53400,219604,91,374.232
consensus,scalefree,0.25,500,284,142000,611084,91,391.61
consensus,scalefree,0.25,700,427,298900,1343254,91,408.953
consensus,scalefree,0.25,1000,595,595000,2714660,91,415.183
consensus,scalefree,0.25,2000,1191,2382000,10839223,91,414.093
consensus,scalefree,0.25,3000,1812,5436000,24680639,91,413.16
consensus,scalefree,0.5,10,8,80,104,91,118.3
consensus,scalefree,0.5,50,38,1900,3816,91,182.766
consensus,scalefree,0.5,100,109,10900,22073,91,184.279
consensus,scalefree,0.5,200,239,47800,125860,91,239.608
consensus,scalefree,0.5,300,330,99000,276548,91,254.201
consensus,scalefree,0.5,500,479,239500,697058,91,264.853
consensus,scalefree,0.5,700,805,563500,1671965,91,270.007
consensus,scalefree,0.5,1000,1136,1136000,3424220,91,274.299
consensus,scalefree,0.5,2000,2569,5138000,15644042,91,277.074
consensus,scalefree,0.75,10,13,130,98,91,68.6
consensus,scalefree,0.75,50,96,4800,4952,91,93.8817
consensus,scalefree,0.75,100,247,24700,24974,91,92.0095
consensus,scalefree,0.75,200,506,101200,128396,91,115.455
consensus,scalefree,0.75,300,779,233700,328083,91,127.752
consensus,scalefree,0.75,500,1184,592000,864349,91,132.864
consensus,scalefree,0.75,700,1862,1303400,1980351,91,138.263
consensus,scalefree,0.75,1000,2890,2890000,4308068,91,135.652
consensus,line,0,10,10,100,162,91,147.42
consensus,line,0,50,137,6850,13328,91,177.058
consensus,line,0,100,515,51500,101772,91,179.83
consensus,line,0,200,1784,356800,709634,91,180.988
consensus,line,0,300,3055,916500,1826292,91,181.334
consensus,line,0,400,4805,1922000,3833592,91,181.507
consensus,line,0,500,7618,3809000,7601766,91,181.612
consensus,line,0,600,9773,5863800,11706856,91,181.678
consensus,line,0,700,13144,9200800,18373914,91,181.726
consensus,line,0,800,18069,14455200,28872664,91,181.762
consensus,line,0,900,23994,21594600,43139414,91,181.79
consensus,line,0,1000,30919,30919000,61774164,91,181.812
consensus,line,0,1250,40593,50741250,101398816,91,181.85
consensus,line,0,1500,62480,93720000,187312042,91,181.876
consensus,line,0.25,10,11,110,140,91,115.818
consensus,line,0.25,50,161,8050,11846,91,133.911
consensus,line,0.25,100,629,62900,93129,91,134.734
consensus,line,0.25,300,5120,1536000,2296484,91,136.055
consensus,line,0.25,500,14120,7060000,10567131,91,136.205
consensus,line,0.25,600,20666,12399600,18562019,91,136.226
consensus,line,0.25,800,36086,28868800,43248195,91,136.327
consensus,line,0.5,10,15,150,114,91,69.16
consensus,line,0.5,30,101,3030,2879,91,86.465
consensus,line,0.5,50,277,13850,13565,91,89.1274
consensus,line,0.5,100,1181,118100,116879,91,90.0592
consensus,line,0.5,200,4473,894600,890305,91,90.5631
consensus,line,0.5,300,10152,3045600,3034324,91,90.6631
consensus,line,0.5,400,18327,7330800,7310183,91,90.7441
consensus,line,0.5,500,28171,14085500,14053840,91,90.7955
consensus,line,0.75,10,28,280,129,91,41.925
consensus,line,0.75,30,226,6780,3337,91,44.7886
consensus,line,0.75,50,605,30250,14766,91,44.42
consensus,line,0.75,100,2720,272000,134287,91,44.9269
consensus,line,0.75,150,5948,892200,442692,91,45.1524
consensus,line,0.75,200,10970,2194000,1091515,91,45.2725
consensus,line,0.75,300,23927,7178100,3574602,91,45.3168
consensus,line,0.75,400,43412,17364800,8661423,91,45.3901
consensus,cluster,0,10,3,30,108,91,327.6
consensus,cluster,0,50,11,550,3540,91,585.709
consensus,cluster,0,100,24,2400,15594,91,591.272
consensus,cluster,0,300,66,19800,167960,91,771.937
consensus,cluster,0,500,108,54000,454108,91,765.256
consensus,cluster,0,800,229,183200,1587350,91,788.476
consensus,cluster,0,1000,247,247000,2158390,91,795.196
consensus,cluster,0,2000,605,1210000,10776568,91,810.469
consensus,cluster,0,3000,911,2733000,24347956,91,810.708
consensus,cluster,0,5000,1516,7580000,68271942,91,819.624
consensus,cluster,0.25,10,4,40,111,91,252.525
consensus,cluster,0.25,50,15,750,3830,91,464.707
consensus,cluster,0.25,100,28,2800,15870,91,515.775
consensus,cluster,0.25,300,99,29700,181021,91,554.643
consensus,cluster,0.25,500,183,91500,583504,91,580.315
consensus,cluster,0.25,700,251,175700,1154519,91,597.958
consensus,cluster,0.25,1000,332,332000,2212443,91,606.423
consensus,cluster,0.25,2000,878,1756000,11865853,91,614.916
consensus,cluster,0.5,10,4,40,105,91,238.875
consensus,cluster,0.5,50,18,900,3267,91,330.33
consensus,cluster,0.5,100,44,4400,16647,91,344.29
consensus,cluster,0.5,300,161,48300,203215,91,382.869
consensus,cluster,0.5,500,317,158500,677778,91,389.134
consensus,cluster,0.5,700,520,364000,1562012,91,390.503
consensus,cluster,0.5,1000,773,773000,3439436,91,404.901
consensus,cluster,0.5,1500,1260,1890000,8224501,91,395.994
consensus,cluster,0.75,10,6,60,74,91,112.233
consensus,cluster,0.75,50,34,1700,3251,91,174.024
consensus,cluster,0.75,100,94,9400,18973,91,183.675
consensus,cluster,0.75,200,222,44400,92990,91,190.588
consensus,cluster,0.75,300,408,122400,243077,91,180.719
consensus,cluster,0.75,500,774,387000,839259,91,197.345
consensus,cluster,0.75,700,1180,826000,1815652,91,200.029
consensus,cluster,0.75,800,1399,1119200,2439142,91,198.322
consensus,cluster,0.75,1000,1874,1874000,4175473,91,202.758
consensus,scalefree,0,10,5,50,104,91,189.28
consensus,scalefree,0,50,20,1000,3664,91,333.424
consensus,scalefree,0,100,35,3500,14786,91,384.436
consensus,scalefree,0,300,106,31800,167144,91,478.305
consensus,scalefree,0,500,176,88000,469834,91,485.851
consensus,scalefree,0,800,245,196000,1150650,91,534.23
consensus,scalefree,0,1000,307,307000,1815242,91,538.068
consensus,scalefree,0,2000,790,1580000,9725458,91,560.137
consensus,scalefree,0,3000,1199,3597000,21732766,91,549.814
consensus,scalefree,0,5000,2493,12465000,75156424,91,548.675
consensus,scalefree,0.25,10,6,60,89,91,134.983
consensus,scalefree,0.25,50,28,1400,4175,91,271.375
consensus,scalefree,0.25,100,56,5600,19151,91,311.204
consensus,scalefree,0.25,300,178,53400,219604,91,374.232
consensus,scalefree,0.25,500,284,142000,611084,91,391.61
consensus,scalefree,0.25,700,427,298900,1343254,91,408.953
consensus,scalefree,0.25,1000,595,595000,2714660,91,415.183
consensus,scalefree,0.25,2000,1191,2382000,10839223,91,414.093
consensus,scalefree,0.25,3000,1812,5436000,24680639,91,413.16
consensus,scalefree,0.5,10,8,80,104,91,118.3
consensus,scalefree,0.5,50,38,1900,3816,91,182.766
consensus,scalefree,0.5,100,109,10900,22073,91,184.279
consensus,scalefree,0.5,200,239,47800,125860,91,239.608
consensus,scalefree,0.5,300,330,99000,276548,91,254.201
consensus,scalefree,0.5,500,479,239500,697058,91,264.853
consensus,scalefree,0.5,700,805,563500,1671965,91,270.007
consensus,scalefree,0.5,1000,1136,1136000,3424220,91,274.299
consensus,scalefree,0.5,2000,2569,5138000,15644042,91,277.074
consensus,scalefree,0.75,10,13,130,98,91,68.6
consensus,scalefree,0.75,50,96,4800,4952,91,93.8817
consensus,scalefree,0.75,100,247,24700,24974,91,92.0095
consensus,scalefree,0.75,200,506,101200,128396,91,115.455
consensus,scalefree,0.75,300,779,233700,328083,91,127.752
consensus,scalefree,0.75,500,1184,592000,864349,91,132.864
consensus,scalefree,0.75,700,1862,1303400,1980351,91,138.263
consensus,scalefree,0.75,1000,2890,2890000,4308068,91,135.652
